2,1,449,250,147,109,-1,-1,-1,-1
2,2,322,245,129,114,-1,-1,-1,-1
2,3,180,230,143,129,-1,-1,-1,-1
2,4,154,0,97,77,-1,-1,-1,-1
2,5,69,0,89,72,-1,-1,-1,-1
2,6,397,0,97,66,-1,-1,-1,-1
2,7,484,0,110,80,-1,-1,-1,-1
2,8,583,0,56,55,-1,-1,-1,-1
2,9,1,0,81,74,-1,-1,-1,-1
2,10,227,0,97,69,-1,-1,-1,-1
2,11,3,249,106,110,-1,-1,-1,-1
2,12,78,229,129,130,-1,-1,-1,-1
3,1,449,250,147,109,-1,-1,-1,-1
3,2,322,245,129,114,-1,-1,-1,-1
3,3,180,230,143,129,-1,-1,-1,-1
3,4,155,0,96,77,-1,-1,-1,-1
3,5,69,0,89,72,-1,-1,-1,-1
3,6,397,0,97,66,-1,-1,-1,-1
3,7,484,0,110,80,-1,-1,-1,-1
3,8,583,0,56,55,-1,-1,-1,-1
3,9,1,0,81,74,-1,-1,-1,-1
3,10,227,0,97,69,-1,-1,-1,-1
3,11,3,249,106,110,-1,-1,-1,-1
3,12,78,229,129,130,-1,-1,-1,-1
4,1,449,249,147,110,-1,-1,-1,-1
4,2,322,245,129,114,-1,-1,-1,-1
4,3,180,230,143,129,-1,-1,-1,-1
4,4,155,0,96,77,-1,-1,-1,-1
4,5,70,0,88,71,-1,-1,-1,-1
4,6,397,0,97,66,-1,-1,-1,-1
4,7,484,0,110,80,-1,-1,-1,-1
4,8,583,0,56,55,-1,-1,-1,-1
4,9,1,0,81,74,-1,-1,-1,-1
4,10,227,0,97,70,-1,-1,-1,-1
4,11,3,249,106,110,-1,-1,-1,-1
4,12,78,229,129,130,-1,-1,-1,-1
5,1,449,249,148,110,-1,-1,-1,-1
5,2,322,245,129,114,-1,-1,-1,-1
5,3,180,230,143,129,-1,-1,-1,-1
5,4,155,0,96,77,-1,-1,-1,-1
5,5,70,0,88,71,-1,-1,-1,-1
5,6,397,0,97,66,-1,-1,-1,-1
5,7,484,0,110,80,-1,-1,-1,-1
5,8,583,0,56,55,-1,-1,-1,-1
5,9,1,0,81,74,-1,-1,-1,-1
5,10,227,0,97,69,-1,-1,-1,-1
5,11,3,249,106,110,-1,-1,-1,-1
5,12,83,224,135,135,-1,-1,-1,-1
6,1,448,249,148,110,-1,-1,-1,-1
6,2,322,245,129,114,-1,-1,-1,-1
6,3,180,230,143,129,-1,-1,-1,-1
6,4,154,0,97,77,-1,-1,-1,-1
6,5,70,0,88,71,-1,-1,-1,-1
6,6,398,0,96,66,-1,-1,-1,-1
6,7,484,0,110,80,-1,-1,-1,-1
6,8,583,0,56,55,-1,-1,-1,-1
6,9,1,0,81,74,-1,-1,-1,-1
6,10,227,0,97,69,-1,-1,-1,-1
6,11,3,249,106,110,-1,-1,-1,-1
6,12,80,226,131,133,-1,-1,-1,-1
7,1,448,249,148,110,-1,-1,-1,-1
7,2,322,245,129,114,-1,-1,-1,-1
7,3,180,230,143,129,-1,-1,-1,-1
7,4,154,0,97,77,-1,-1,-1,-1
7,5,70,0,88,71,-1,-1,-1,-1
7,6,398,0,96,66,-1,-1,-1,-1
7,7,484,0,110,80,-1,-1,-1,-1
7,8,583,0,56,55,-1,-1,-1,-1
7,9,1,0,81,74,-1,-1,-1,-1
7,10,227,0,97,69,-1,-1,-1,-1
7,11,3,249,106,110,-1,-1,-1,-1
7,12,83,223,137,136,-1,-1,-1,-1
8,1,449,249,147,110,-1,-1,-1,-1
8,2,322,245,129,114,-1,-1,-1,-1
8,3,180,230,143,129,-1,-1,-1,-1
8,4,154,0,97,77,-1,-1,-1,-1
8,5,70,0,88,71,-1,-1,-1,-1
8,6,398,0,96,66,-1,-1,-1,-1
8,7,484,0,110,80,-1,-1,-1,-1
8,8,583,0,56,55,-1,-1,-1,-1
8,9,1,0,81,74,-1,-1,-1,-1
8,10,227,0,97,70,-1,-1,-1,-1
8,11,3,249,106,110,-1,-1,-1,-1
8,12,79,226,133,133,-1,-1,-1,-1
9,1,448,249,148,110,-1,-1,-1,-1
9,2,322,245,128,114,-1,-1,-1,-1
9,3,180,230,143,129,-1,-1,-1,-1
9,4,154,0,97,77,-1,-1,-1,-1
9,5,70,0,88,71,-1,-1,-1,-1
9,6,398,0,96,66,-1,-1,-1,-1
9,7,484,0,110,80,-1,-1,-1,-1
9,8,583,0,56,55,-1,-1,-1,-1
9,9,1,0,81,74,-1,-1,-1,-1
9,10,227,0,97,69,-1,-1,-1,-1
9,11,3,249,106,110,-1,-1,-1,-1
9,12,78,228,131,131,-1,-1,-1,-1
10,1,449,249,147,110,-1,-1,-1,-1
10,2,322,245,128,114,-1,-1,-1,-1
10,3,180,230,143,129,-1,-1,-1,-1
10,4,154,0,97,77,-1,-1,-1,-1
10,5,70,0,88,71,-1,-1,-1,-1
10,6,398,0,96,66,-1,-1,-1,-1
10,7,484,0,110,80,-1,-1,-1,-1
10,8,583,0,56,55,-1,-1,-1,-1
10,9,1,0,81,74,-1,-1,-1,-1
10,10,227,0,97,70,-1,-1,-1,-1
10,11,3,249,106,110,-1,-1,-1,-1
10,12,77,228,131,131,-1,-1,-1,-1
11,1,449,249,147,110,-1,-1,-1,-1
11,2,322,245,128,114,-1,-1,-1,-1
11,3,180,230,143,129,-1,-1,-1,-1
11,4,154,0,97,77,-1,-1,-1,-1
11,5,70,0,88,71,-1,-1,-1,-1
11,6,397,0,97,66,-1,-1,-1,-1
11,7,484,0,110,80,-1,-1,-1,-1
11,8,583,0,56,55,-1,-1,-1,-1
11,9,1,0,81,74,-1,-1,-1,-1
11,10,227,0,97,69,-1,-1,-1,-1
11,11,3,249,106,110,-1,-1,-1,-1
11,12,77,228,130,131,-1,-1,-1,-1
12,1,449,249,148,110,-1,-1,-1,-1
12,2,322,245,128,114,-1,-1,-1,-1
12,3,180,230,143,129,-1,-1,-1,-1
12,4,154,0,97,77,-1,-1,-1,-1
12,5,70,0,88,71,-1,-1,-1,-1
12,6,397,0,97,66,-1,-1,-1,-1
12,7,484,0,110,80,-1,-1,-1,-1
12,8,583,0,56,55,-1,-1,-1,-1
12,9,1,0,80,74,-1,-1,-1,-1
12,10,227,0,97,69,-1,-1,-1,-1
12,11,3,249,106,110,-1,-1,-1,-1
12,12,77,229,130,130,-1,-1,-1,-1
13,1,449,249,147,110,-1,-1,-1,-1
13,2,322,245,128,114,-1,-1,-1,-1
13,3,180,230,143,129,-1,-1,-1,-1
13,4,155,0,96,77,-1,-1,-1,-1
13,5,70,0,88,71,-1,-1,-1,-1
13,6,397,0,97,66,-1,-1,-1,-1
13,7,484,0,110,80,-1,-1,-1,-1
13,8,583,0,56,55,-1,-1,-1,-1
13,9,1,0,80,74,-1,-1,-1,-1
13,10,227,0,97,69,-1,-1,-1,-1
13,11,3,249,106,110,-1,-1,-1,-1
13,12,77,229,130,130,-1,-1,-1,-1
14,1,449,249,147,110,-1,-1,-1,-1
14,2,322,245,128,114,-1,-1,-1,-1
14,3,180,230,143,129,-1,-1,-1,-1
14,4,155,0,96,77,-1,-1,-1,-1
14,5,70,0,88,71,-1,-1,-1,-1
14,6,397,0,97,66,-1,-1,-1,-1
14,7,484,0,110,80,-1,-1,-1,-1
14,8,583,0,56,55,-1,-1,-1,-1
14,9,1,0,81,74,-1,-1,-1,-1
14,10,227,0,97,69,-1,-1,-1,-1
14,11,3,249,106,110,-1,-1,-1,-1
14,12,77,229,130,130,-1,-1,-1,-1
15,1,448,249,148,110,-1,-1,-1,-1
15,2,322,245,128,114,-1,-1,-1,-1
15,3,180,230,143,129,-1,-1,-1,-1
15,4,155,0,96,77,-1,-1,-1,-1
15,5,70,0,88,71,-1,-1,-1,-1
15,6,397,0,97,66,-1,-1,-1,-1
15,7,484,0,110,80,-1,-1,-1,-1
15,8,583,0,56,55,-1,-1,-1,-1
15,9,1,0,81,74,-1,-1,-1,-1
15,10,227,0,97,70,-1,-1,-1,-1
15,11,3,250,106,109,-1,-1,-1,-1
15,12,77,229,130,130,-1,-1,-1,-1
16,1,448,249,148,110,-1,-1,-1,-1
16,2,322,245,128,114,-1,-1,-1,-1
16,3,180,230,143,129,-1,-1,-1,-1
16,4,155,0,95,77,-1,-1,-1,-1
16,5,70,0,88,71,-1,-1,-1,-1
16,6,397,0,97,66,-1,-1,-1,-1
16,7,484,0,110,80,-1,-1,-1,-1
16,8,583,0,56,55,-1,-1,-1,-1
16,9,1,0,81,74,-1,-1,-1,-1
16,10,227,0,97,69,-1,-1,-1,-1
16,11,3,250,106,109,-1,-1,-1,-1
16,12,77,229,130,130,-1,-1,-1,-1
17,1,448,249,147,110,-1,-1,-1,-1
17,2,322,245,128,114,-1,-1,-1,-1
17,3,180,230,143,129,-1,-1,-1,-1
17,4,155,0,95,77,-1,-1,-1,-1
17,5,70,0,88,71,-1,-1,-1,-1
17,6,397,0,97,66,-1,-1,-1,-1
17,7,484,0,110,80,-1,-1,-1,-1
17,8,583,0,56,56,-1,-1,-1,-1
17,9,1,0,81,74,-1,-1,-1,-1
17,10,227,0,97,69,-1,-1,-1,-1
17,11,3,250,106,109,-1,-1,-1,-1
17,12,77,229,130,130,-1,-1,-1,-1
18,1,449,249,146,110,-1,-1,-1,-1
18,2,322,245,128,114,-1,-1,-1,-1
18,3,180,230,143,129,-1,-1,-1,-1
18,4,155,0,95,77,-1,-1,-1,-1
18,5,70,0,88,71,-1,-1,-1,-1
18,6,397,0,97,66,-1,-1,-1,-1
18,7,484,0,110,80,-1,-1,-1,-1
18,8,583,0,56,55,-1,-1,-1,-1
18,9,1,0,81,74,-1,-1,-1,-1
18,10,227,0,97,69,-1,-1,-1,-1
18,11,3,250,106,109,-1,-1,-1,-1
18,12,77,229,130,130,-1,-1,-1,-1
19,1,448,249,147,110,-1,-1,-1,-1
19,2,322,245,128,114,-1,-1,-1,-1
19,3,183,236,136,123,-1,-1,-1,-1
19,4,155,0,95,77,-1,-1,-1,-1
19,5,70,0,88,71,-1,-1,-1,-1
19,6,397,0,97,66,-1,-1,-1,-1
19,7,484,0,110,80,-1,-1,-1,-1
19,8,583,0,56,56,-1,-1,-1,-1
19,9,1,0,81,74,-1,-1,-1,-1
19,10,227,0,97,69,-1,-1,-1,-1
19,11,3,250,106,109,-1,-1,-1,-1
19,12,77,229,130,130,-1,-1,-1,-1
20,1,449,249,146,110,-1,-1,-1,-1
20,2,322,245,128,114,-1,-1,-1,-1
20,3,184,239,133,120,-1,-1,-1,-1
20,4,155,0,95,77,-1,-1,-1,-1
20,5,70,0,88,71,-1,-1,-1,-1
20,6,398,0,96,66,-1,-1,-1,-1
20,7,484,0,110,80,-1,-1,-1,-1
20,8,583,0,56,56,-1,-1,-1,-1
20,9,1,0,81,74,-1,-1,-1,-1
20,10,227,0,97,69,-1,-1,-1,-1
20,11,3,250,106,109,-1,-1,-1,-1
20,12,77,228,130,131,-1,-1,-1,-1
21,1,449,249,146,110,-1,-1,-1,-1
21,2,322,245,128,114,-1,-1,-1,-1
21,3,184,240,133,119,-1,-1,-1,-1
21,4,155,0,95,77,-1,-1,-1,-1
21,5,70,0,88,71,-1,-1,-1,-1
21,6,397,0,97,66,-1,-1,-1,-1
21,7,484,0,110,80,-1,-1,-1,-1
21,8,583,0,56,56,-1,-1,-1,-1
21,9,1,0,81,74,-1,-1,-1,-1
21,10,227,0,97,69,-1,-1,-1,-1
21,11,3,250,106,109,-1,-1,-1,-1
21,12,77,228,130,131,-1,-1,-1,-1
22,1,449,249,146,110,-1,-1,-1,-1
22,2,322,245,128,114,-1,-1,-1,-1
22,3,184,240,133,119,-1,-1,-1,-1
22,4,155,0,96,77,-1,-1,-1,-1
22,5,70,0,88,71,-1,-1,-1,-1
22,6,397,0,97,66,-1,-1,-1,-1
22,7,484,0,110,80,-1,-1,-1,-1
22,8,583,0,56,56,-1,-1,-1,-1
22,9,1,0,81,74,-1,-1,-1,-1
22,10,227,0,97,69,-1,-1,-1,-1
22,11,3,250,106,109,-1,-1,-1,-1
22,12,77,228,130,131,-1,-1,-1,-1
23,1,449,249,146,110,-1,-1,-1,-1
23,2,322,245,128,114,-1,-1,-1,-1
23,3,184,240,133,119,-1,-1,-1,-1
23,4,155,0,96,77,-1,-1,-1,-1
23,5,70,0,88,71,-1,-1,-1,-1
23,6,397,0,97,66,-1,-1,-1,-1
23,7,484,0,110,80,-1,-1,-1,-1
23,8,583,0,56,55,-1,-1,-1,-1
23,9,1,0,81,74,-1,-1,-1,-1
23,10,227,0,97,69,-1,-1,-1,-1
23,11,2,250,107,109,-1,-1,-1,-1
23,12,77,229,130,130,-1,-1,-1,-1
24,1,449,249,147,110,-1,-1,-1,-1
24,2,322,245,128,114,-1,-1,-1,-1
24,3,181,234,140,125,-1,-1,-1,-1
24,4,155,0,96,77,-1,-1,-1,-1
24,5,70,0,89,71,-1,-1,-1,-1
24,6,397,0,97,66,-1,-1,-1,-1
24,7,484,0,110,80,-1,-1,-1,-1
24,8,583,0,56,55,-1,-1,-1,-1
24,9,1,0,81,74,-1,-1,-1,-1
24,10,227,0,97,69,-1,-1,-1,-1
24,11,2,250,107,109,-1,-1,-1,-1
24,12,77,229,130,130,-1,-1,-1,-1
25,1,449,249,147,110,-1,-1,-1,-1
25,2,322,245,128,114,-1,-1,-1,-1
25,3,183,238,136,121,-1,-1,-1,-1
25,4,155,0,96,77,-1,-1,-1,-1
25,5,70,0,89,71,-1,-1,-1,-1
25,6,397,0,97,66,-1,-1,-1,-1
25,7,484,0,110,80,-1,-1,-1,-1
25,8,583,0,56,55,-1,-1,-1,-1
25,9,1,0,81,74,-1,-1,-1,-1
25,10,227,0,97,69,-1,-1,-1,-1
25,11,2,250,107,109,-1,-1,-1,-1
25,12,77,229,130,130,-1,-1,-1,-1
26,1,449,249,147,110,-1,-1,-1,-1
26,2,322,245,128,114,-1,-1,-1,-1
26,3,181,233,141,126,-1,-1,-1,-1
26,4,155,0,96,77,-1,-1,-1,-1
26,5,70,0,88,71,-1,-1,-1,-1
26,6,397,0,97,66,-1,-1,-1,-1
26,7,484,0,110,80,-1,-1,-1,-1
26,8,583,0,56,55,-1,-1,-1,-1
26,9,1,0,80,74,-1,-1,-1,-1
26,10,227,0,97,69,-1,-1,-1,-1
26,11,2,250,107,109,-1,-1,-1,-1
26,12,77,229,130,130,-1,-1,-1,-1
27,1,449,248,147,111,-1,-1,-1,-1
27,2,322,245,128,114,-1,-1,-1,-1
27,3,180,231,143,128,-1,-1,-1,-1
27,4,155,0,96,77,-1,-1,-1,-1
27,5,70,0,88,71,-1,-1,-1,-1
27,6,397,0,97,66,-1,-1,-1,-1
27,7,484,0,110,80,-1,-1,-1,-1
27,8,583,0,56,55,-1,-1,-1,-1
27,9,1,0,80,74,-1,-1,-1,-1
27,10,227,0,97,69,-1,-1,-1,-1
27,11,2,250,107,109,-1,-1,-1,-1
27,12,83,226,134,133,-1,-1,-1,-1
28,1,449,249,147,110,-1,-1,-1,-1
28,2,322,245,128,114,-1,-1,-1,-1
28,3,180,230,143,129,-1,-1,-1,-1
28,4,155,0,96,77,-1,-1,-1,-1
28,5,70,0,88,71,-1,-1,-1,-1
28,6,397,0,97,66,-1,-1,-1,-1
28,7,484,0,110,80,-1,-1,-1,-1
28,8,583,0,56,55,-1,-1,-1,-1
28,9,1,0,80,74,-1,-1,-1,-1
28,10,227,0,97,69,-1,-1,-1,-1
28,11,2,250,107,109,-1,-1,-1,-1
28,12,84,225,137,134,-1,-1,-1,-1
28,14,2,150,39,77,-1,-1,-1,-1
29,1,449,249,147,110,-1,-1,-1,-1
29,2,322,245,128,114,-1,-1,-1,-1
29,3,180,230,143,129,-1,-1,-1,-1
29,4,155,0,96,77,-1,-1,-1,-1
29,5,70,0,88,71,-1,-1,-1,-1
29,6,397,0,97,66,-1,-1,-1,-1
29,7,484,0,110,80,-1,-1,-1,-1
29,8,583,0,56,55,-1,-1,-1,-1
29,9,1,0,81,74,-1,-1,-1,-1
29,10,227,0,97,70,-1,-1,-1,-1
29,11,2,250,107,109,-1,-1,-1,-1
29,12,85,225,138,134,-1,-1,-1,-1
29,14,5,146,42,82,-1,-1,-1,-1
30,1,449,248,147,111,-1,-1,-1,-1
30,2,323,245,127,114,-1,-1,-1,-1
30,3,180,230,143,129,-1,-1,-1,-1
30,4,155,0,96,77,-1,-1,-1,-1
30,5,70,0,88,71,-1,-1,-1,-1
30,6,397,0,97,66,-1,-1,-1,-1
30,7,484,0,110,80,-1,-1,-1,-1
30,8,583,0,56,55,-1,-1,-1,-1
30,9,1,0,81,74,-1,-1,-1,-1
30,10,227,0,97,69,-1,-1,-1,-1
30,11,2,250,107,109,-1,-1,-1,-1
30,12,84,224,140,135,-1,-1,-1,-1
30,14,8,148,41,79,-1,-1,-1,-1
31,1,449,249,147,110,-1,-1,-1,-1
31,2,323,245,127,114,-1,-1,-1,-1
31,3,180,230,143,129,-1,-1,-1,-1
31,4,155,0,96,77,-1,-1,-1,-1
31,5,70,0,88,71,-1,-1,-1,-1
31,6,397,0,97,66,-1,-1,-1,-1
31,7,484,0,110,80,-1,-1,-1,-1
31,8,583,0,56,55,-1,-1,-1,-1
31,9,1,0,81,74,-1,-1,-1,-1
31,10,227,0,97,69,-1,-1,-1,-1
31,11,2,249,107,110,-1,-1,-1,-1
31,12,78,227,137,132,-1,-1,-1,-1
31,14,11,149,41,77,-1,-1,-1,-1
32,1,449,249,146,110,-1,-1,-1,-1
32,2,323,245,127,114,-1,-1,-1,-1
32,3,180,230,143,129,-1,-1,-1,-1
32,4,155,0,96,77,-1,-1,-1,-1
32,5,70,0,88,71,-1,-1,-1,-1
32,6,397,0,97,66,-1,-1,-1,-1
32,7,484,0,110,80,-1,-1,-1,-1
32,8,583,0,56,55,-1,-1,-1,-1
32,9,1,0,81,74,-1,-1,-1,-1
32,10,227,0,97,69,-1,-1,-1,-1
32,11,2,250,107,109,-1,-1,-1,-1
32,12,76,228,135,131,-1,-1,-1,-1
32,14,12,150,41,75,-1,-1,-1,-1
33,1,449,249,147,110,-1,-1,-1,-1
33,2,323,245,127,114,-1,-1,-1,-1
33,3,180,230,143,129,-1,-1,-1,-1
33,4,155,0,96,77,-1,-1,-1,-1
33,5,70,0,88,71,-1,-1,-1,-1
33,6,397,0,98,66,-1,-1,-1,-1
33,7,484,0,110,80,-1,-1,-1,-1
33,8,583,0,56,55,-1,-1,-1,-1
33,9,1,0,81,74,-1,-1,-1,-1
33,10,227,0,97,69,-1,-1,-1,-1
33,11,2,249,107,110,-1,-1,-1,-1
33,12,75,228,135,131,-1,-1,-1,-1
33,14,13,150,42,74,-1,-1,-1,-1
34,1,449,249,147,110,-1,-1,-1,-1
34,2,323,245,127,114,-1,-1,-1,-1
34,3,180,230,143,129,-1,-1,-1,-1
34,4,155,0,96,77,-1,-1,-1,-1
34,5,70,0,88,71,-1,-1,-1,-1
34,6,397,0,98,66,-1,-1,-1,-1
34,7,484,0,110,80,-1,-1,-1,-1
34,8,583,0,56,55,-1,-1,-1,-1
34,9,1,0,81,74,-1,-1,-1,-1
34,10,227,0,97,69,-1,-1,-1,-1
34,11,2,249,107,110,-1,-1,-1,-1
34,12,75,229,134,130,-1,-1,-1,-1
34,14,12,146,49,82,-1,-1,-1,-1
35,1,449,249,146,110,-1,-1,-1,-1
35,2,323,245,127,114,-1,-1,-1,-1
35,3,180,230,143,129,-1,-1,-1,-1
35,4,155,0,96,77,-1,-1,-1,-1
35,5,70,0,88,71,-1,-1,-1,-1
35,6,397,0,98,66,-1,-1,-1,-1
35,7,484,0,110,80,-1,-1,-1,-1
35,8,583,0,56,55,-1,-1,-1,-1
35,9,1,0,81,74,-1,-1,-1,-1
35,10,227,0,97,69,-1,-1,-1,-1
35,11,2,250,107,109,-1,-1,-1,-1
35,12,75,229,134,130,-1,-1,-1,-1
35,14,13,146,52,83,-1,-1,-1,-1
36,1,449,249,146,110,-1,-1,-1,-1
36,2,323,245,127,114,-1,-1,-1,-1
36,3,180,230,143,129,-1,-1,-1,-1
36,4,155,0,96,77,-1,-1,-1,-1
36,5,70,0,88,71,-1,-1,-1,-1
36,6,397,0,98,66,-1,-1,-1,-1
36,7,484,0,110,80,-1,-1,-1,-1
36,8,583,0,56,55,-1,-1,-1,-1
36,9,1,0,81,74,-1,-1,-1,-1
36,10,227,0,97,70,-1,-1,-1,-1
36,11,1,250,108,109,-1,-1,-1,-1
36,12,75,229,133,130,-1,-1,-1,-1
36,14,14,146,55,82,-1,-1,-1,-1
37,1,449,249,146,110,-1,-1,-1,-1
37,2,323,245,127,114,-1,-1,-1,-1
37,3,180,230,143,129,-1,-1,-1,-1
37,4,155,0,96,77,-1,-1,-1,-1
37,5,70,0,88,71,-1,-1,-1,-1
37,6,397,0,98,66,-1,-1,-1,-1
37,7,484,0,110,80,-1,-1,-1,-1
37,8,583,0,56,55,-1,-1,-1,-1
37,9,1,0,81,74,-1,-1,-1,-1
37,10,227,0,97,70,-1,-1,-1,-1
37,11,1,250,108,109,-1,-1,-1,-1
37,12,76,229,132,130,-1,-1,-1,-1
37,14,15,146,57,82,-1,-1,-1,-1
38,1,449,249,146,110,-1,-1,-1,-1
38,2,323,245,127,114,-1,-1,-1,-1
38,3,180,230,143,129,-1,-1,-1,-1
38,4,155,0,96,77,-1,-1,-1,-1
38,5,70,0,88,71,-1,-1,-1,-1
38,6,397,0,98,66,-1,-1,-1,-1
38,7,484,0,110,80,-1,-1,-1,-1
38,8,583,0,56,55,-1,-1,-1,-1
38,9,1,0,81,74,-1,-1,-1,-1
38,10,227,0,97,70,-1,-1,-1,-1
38,11,1,250,108,109,-1,-1,-1,-1
38,12,76,229,132,130,-1,-1,-1,-1
38,14,15,146,59,81,-1,-1,-1,-1
39,1,449,249,146,110,-1,-1,-1,-1
39,2,323,245,127,114,-1,-1,-1,-1
39,3,180,230,143,129,-1,-1,-1,-1
39,4,155,0,96,77,-1,-1,-1,-1
39,5,70,0,89,72,-1,-1,-1,-1
39,6,397,0,98,66,-1,-1,-1,-1
39,7,484,0,110,80,-1,-1,-1,-1
39,8,583,0,56,55,-1,-1,-1,-1
39,9,1,0,81,74,-1,-1,-1,-1
39,10,227,0,97,70,-1,-1,-1,-1
39,11,1,249,108,110,-1,-1,-1,-1
39,12,76,229,132,130,-1,-1,-1,-1
39,14,14,145,62,83,-1,-1,-1,-1
40,1,449,249,146,110,-1,-1,-1,-1
40,2,323,245,127,114,-1,-1,-1,-1
40,3,180,230,143,129,-1,-1,-1,-1
40,4,155,0,96,77,-1,-1,-1,-1
40,5,70,0,88,71,-1,-1,-1,-1
40,6,397,0,98,66,-1,-1,-1,-1
40,7,484,0,110,80,-1,-1,-1,-1
40,8,583,0,56,55,-1,-1,-1,-1
40,9,1,0,81,74,-1,-1,-1,-1
40,10,227,0,97,70,-1,-1,-1,-1
40,11,1,249,108,110,-1,-1,-1,-1
40,12,76,229,132,130,-1,-1,-1,-1
40,14,16,145,62,83,-1,-1,-1,-1
41,1,449,249,146,110,-1,-1,-1,-1
41,2,323,245,127,114,-1,-1,-1,-1
41,3,180,230,143,129,-1,-1,-1,-1
41,4,155,0,96,77,-1,-1,-1,-1
41,5,70,0,88,72,-1,-1,-1,-1
41,6,397,0,97,66,-1,-1,-1,-1
41,7,484,0,110,80,-1,-1,-1,-1
41,8,583,0,56,55,-1,-1,-1,-1
41,9,1,0,81,74,-1,-1,-1,-1
41,10,227,0,97,70,-1,-1,-1,-1
41,11,1,249,108,110,-1,-1,-1,-1
41,12,76,229,132,130,-1,-1,-1,-1
42,1,449,249,146,110,-1,-1,-1,-1
42,2,323,245,127,114,-1,-1,-1,-1
42,3,180,230,143,129,-1,-1,-1,-1
42,4,155,0,96,77,-1,-1,-1,-1
42,5,70,0,88,72,-1,-1,-1,-1
42,6,397,0,97,66,-1,-1,-1,-1
42,7,484,0,110,80,-1,-1,-1,-1
42,8,583,0,56,55,-1,-1,-1,-1
42,9,1,0,81,74,-1,-1,-1,-1
42,10,227,0,97,70,-1,-1,-1,-1
42,11,1,249,108,110,-1,-1,-1,-1
42,12,76,229,132,130,-1,-1,-1,-1
43,1,449,249,146,110,-1,-1,-1,-1
43,2,323,245,127,114,-1,-1,-1,-1
43,3,180,230,143,129,-1,-1,-1,-1
43,4,155,0,96,77,-1,-1,-1,-1
43,5,70,0,88,72,-1,-1,-1,-1
43,6,397,0,97,66,-1,-1,-1,-1
43,7,484,0,110,80,-1,-1,-1,-1
43,8,583,0,56,55,-1,-1,-1,-1
43,9,1,0,81,74,-1,-1,-1,-1
43,10,227,0,97,70,-1,-1,-1,-1
43,11,1,249,108,110,-1,-1,-1,-1
43,12,76,229,131,130,-1,-1,-1,-1
43,15,7,151,96,71,-1,-1,-1,-1
44,1,449,249,146,110,-1,-1,-1,-1
44,2,323,245,127,114,-1,-1,-1,-1
44,3,180,230,143,129,-1,-1,-1,-1
44,4,155,0,96,77,-1,-1,-1,-1
44,5,70,0,89,72,-1,-1,-1,-1
44,6,397,0,97,66,-1,-1,-1,-1
44,7,484,0,110,80,-1,-1,-1,-1
44,8,583,0,56,55,-1,-1,-1,-1
44,9,1,0,81,74,-1,-1,-1,-1
44,10,227,0,97,70,-1,-1,-1,-1
44,11,1,249,108,110,-1,-1,-1,-1
44,12,76,229,131,130,-1,-1,-1,-1
44,15,10,152,93,68,-1,-1,-1,-1
45,1,449,249,146,110,-1,-1,-1,-1
45,2,323,245,127,114,-1,-1,-1,-1
45,3,180,230,143,129,-1,-1,-1,-1
45,4,155,0,96,77,-1,-1,-1,-1
45,5,70,0,88,72,-1,-1,-1,-1
45,6,397,0,98,66,-1,-1,-1,-1
45,7,484,0,110,80,-1,-1,-1,-1
45,8,583,0,56,55,-1,-1,-1,-1
45,9,1,0,81,74,-1,-1,-1,-1
45,10,227,0,97,70,-1,-1,-1,-1
45,11,1,249,109,110,-1,-1,-1,-1
45,12,77,229,130,130,-1,-1,-1,-1
45,15,11,151,94,68,-1,-1,-1,-1
46,1,449,249,146,110,-1,-1,-1,-1
46,2,323,245,127,114,-1,-1,-1,-1
46,3,180,230,143,129,-1,-1,-1,-1
46,4,155,0,96,77,-1,-1,-1,-1
46,5,70,0,88,72,-1,-1,-1,-1
46,6,397,0,98,66,-1,-1,-1,-1
46,7,484,0,110,80,-1,-1,-1,-1
46,8,583,0,56,55,-1,-1,-1,-1
46,9,1,0,81,74,-1,-1,-1,-1
46,10,227,0,97,70,-1,-1,-1,-1
46,11,1,249,109,110,-1,-1,-1,-1
46,12,77,229,130,130,-1,-1,-1,-1
46,15,14,151,96,69,-1,-1,-1,-1
47,1,449,249,146,110,-1,-1,-1,-1
47,2,323,245,127,114,-1,-1,-1,-1
47,3,180,230,143,129,-1,-1,-1,-1
47,4,155,0,96,77,-1,-1,-1,-1
47,5,70,0,88,72,-1,-1,-1,-1
47,6,397,0,98,66,-1,-1,-1,-1
47,7,484,0,110,80,-1,-1,-1,-1
47,8,583,0,56,55,-1,-1,-1,-1
47,9,1,0,81,74,-1,-1,-1,-1
47,10,227,0,97,70,-1,-1,-1,-1
47,11,1,249,109,110,-1,-1,-1,-1
47,12,77,229,130,130,-1,-1,-1,-1
47,15,17,153,97,67,-1,-1,-1,-1
48,1,449,249,146,110,-1,-1,-1,-1
48,2,323,245,127,114,-1,-1,-1,-1
48,3,180,230,143,129,-1,-1,-1,-1
48,4,155,0,96,77,-1,-1,-1,-1
48,5,70,0,88,72,-1,-1,-1,-1
48,6,397,0,98,66,-1,-1,-1,-1
48,7,484,0,110,80,-1,-1,-1,-1
48,8,583,0,56,55,-1,-1,-1,-1
48,9,1,0,81,74,-1,-1,-1,-1
48,10,227,0,97,70,-1,-1,-1,-1
48,11,1,250,109,109,-1,-1,-1,-1
48,12,77,229,130,130,-1,-1,-1,-1
48,15,18,153,100,67,-1,-1,-1,-1
49,1,449,249,146,110,-1,-1,-1,-1
49,2,323,245,127,114,-1,-1,-1,-1
49,3,180,230,143,129,-1,-1,-1,-1
49,4,155,0,96,77,-1,-1,-1,-1
49,5,70,0,88,72,-1,-1,-1,-1
49,6,397,0,98,66,-1,-1,-1,-1
49,7,484,0,110,80,-1,-1,-1,-1
49,8,583,0,56,55,-1,-1,-1,-1
49,9,1,0,81,74,-1,-1,-1,-1
49,10,227,0,97,70,-1,-1,-1,-1
49,11,1,249,109,110,-1,-1,-1,-1
49,12,77,229,130,130,-1,-1,-1,-1
49,15,20,152,103,68,-1,-1,-1,-1
50,1,449,249,146,110,-1,-1,-1,-1
50,2,323,245,127,114,-1,-1,-1,-1
50,3,180,230,143,129,-1,-1,-1,-1
50,4,155,0,96,77,-1,-1,-1,-1
50,5,69,0,90,72,-1,-1,-1,-1
50,6,397,0,98,66,-1,-1,-1,-1
50,7,484,0,110,80,-1,-1,-1,-1
50,8,583,0,56,55,-1,-1,-1,-1
50,9,1,0,81,74,-1,-1,-1,-1
50,10,227,0,97,70,-1,-1,-1,-1
50,11,1,249,109,110,-1,-1,-1,-1
50,12,77,229,130,130,-1,-1,-1,-1
50,15,20,152,108,69,-1,-1,-1,-1
51,1,449,249,146,110,-1,-1,-1,-1
51,2,323,245,127,114,-1,-1,-1,-1
51,3,180,230,143,129,-1,-1,-1,-1
51,4,155,0,96,77,-1,-1,-1,-1
51,5,70,0,89,72,-1,-1,-1,-1
51,6,397,0,98,66,-1,-1,-1,-1
51,7,484,0,110,80,-1,-1,-1,-1
51,8,583,0,56,55,-1,-1,-1,-1
51,9,1,0,81,74,-1,-1,-1,-1
51,10,227,0,97,69,-1,-1,-1,-1
51,11,1,249,109,110,-1,-1,-1,-1
51,12,77,229,130,130,-1,-1,-1,-1
51,15,22,151,112,70,-1,-1,-1,-1
52,1,449,249,147,110,-1,-1,-1,-1
52,2,323,245,127,114,-1,-1,-1,-1
52,3,180,230,143,129,-1,-1,-1,-1
52,4,155,0,96,77,-1,-1,-1,-1
52,5,70,0,89,72,-1,-1,-1,-1
52,6,397,0,98,66,-1,-1,-1,-1
52,7,484,0,110,80,-1,-1,-1,-1
52,8,583,0,56,55,-1,-1,-1,-1
52,9,1,0,81,74,-1,-1,-1,-1
52,10,227,0,97,70,-1,-1,-1,-1
52,11,1,249,109,110,-1,-1,-1,-1
52,12,77,229,130,130,-1,-1,-1,-1
52,15,25,151,114,69,-1,-1,-1,-1
53,1,449,249,146,110,-1,-1,-1,-1
53,2,322,245,128,114,-1,-1,-1,-1
53,3,180,230,143,129,-1,-1,-1,-1
53,4,155,0,96,77,-1,-1,-1,-1
53,5,70,0,89,72,-1,-1,-1,-1
53,6,397,0,98,66,-1,-1,-1,-1
53,7,484,0,110,80,-1,-1,-1,-1
53,8,583,0,56,55,-1,-1,-1,-1
53,9,1,0,81,74,-1,-1,-1,-1
53,10,227,0,97,70,-1,-1,-1,-1
53,11,1,249,109,110,-1,-1,-1,-1
53,12,77,229,130,130,-1,-1,-1,-1
53,15,28,151,116,69,-1,-1,-1,-1
54,1,449,249,146,110,-1,-1,-1,-1
54,2,322,245,128,114,-1,-1,-1,-1
54,3,180,230,143,129,-1,-1,-1,-1
54,4,155,0,96,77,-1,-1,-1,-1
54,5,70,0,88,72,-1,-1,-1,-1
54,6,397,0,98,66,-1,-1,-1,-1
54,7,484,0,110,80,-1,-1,-1,-1
54,8,583,0,56,55,-1,-1,-1,-1
54,9,1,0,81,74,-1,-1,-1,-1
54,10,227,0,97,70,-1,-1,-1,-1
54,11,1,249,109,110,-1,-1,-1,-1
54,12,77,229,130,130,-1,-1,-1,-1
54,15,31,152,117,68,-1,-1,-1,-1
55,1,449,249,146,110,-1,-1,-1,-1
55,2,322,245,128,114,-1,-1,-1,-1
55,3,180,230,143,129,-1,-1,-1,-1
55,4,155,0,96,77,-1,-1,-1,-1
55,5,70,0,88,72,-1,-1,-1,-1
55,6,397,0,98,66,-1,-1,-1,-1
55,7,484,0,110,80,-1,-1,-1,-1
55,8,583,0,56,55,-1,-1,-1,-1
55,9,1,0,81,74,-1,-1,-1,-1
55,10,227,0,97,70,-1,-1,-1,-1
55,11,1,249,109,110,-1,-1,-1,-1
55,12,77,229,130,130,-1,-1,-1,-1
55,15,35,152,117,68,-1,-1,-1,-1
56,1,449,249,147,110,-1,-1,-1,-1
56,2,322,245,128,114,-1,-1,-1,-1
56,3,180,230,143,129,-1,-1,-1,-1
56,4,155,0,96,78,-1,-1,-1,-1
56,5,69,0,89,72,-1,-1,-1,-1
56,6,397,0,98,66,-1,-1,-1,-1
56,7,484,0,110,80,-1,-1,-1,-1
56,8,583,0,56,55,-1,-1,-1,-1
56,9,1,0,81,74,-1,-1,-1,-1
56,10,227,0,97,70,-1,-1,-1,-1
56,11,1,249,109,110,-1,-1,-1,-1
56,12,77,229,130,130,-1,-1,-1,-1
56,15,37,153,118,65,-1,-1,-1,-1
57,1,449,249,146,110,-1,-1,-1,-1
57,2,322,245,127,114,-1,-1,-1,-1
57,3,180,230,143,129,-1,-1,-1,-1
57,4,155,0,96,77,-1,-1,-1,-1
57,5,69,0,89,72,-1,-1,-1,-1
57,6,397,0,97,66,-1,-1,-1,-1
57,7,484,0,110,80,-1,-1,-1,-1
57,8,583,0,56,55,-1,-1,-1,-1
57,9,1,0,81,74,-1,-1,-1,-1
57,10,227,0,97,70,-1,-1,-1,-1
57,11,1,249,109,110,-1,-1,-1,-1
57,12,77,229,130,130,-1,-1,-1,-1
57,15,39,152,125,67,-1,-1,-1,-1
58,1,449,249,146,110,-1,-1,-1,-1
58,2,322,245,127,114,-1,-1,-1,-1
58,3,180,230,143,129,-1,-1,-1,-1
58,4,155,0,96,77,-1,-1,-1,-1
58,5,69,0,89,72,-1,-1,-1,-1
58,6,397,0,97,66,-1,-1,-1,-1
58,7,484,0,110,80,-1,-1,-1,-1
58,8,583,0,56,55,-1,-1,-1,-1
58,9,1,0,81,74,-1,-1,-1,-1
58,10,227,0,97,69,-1,-1,-1,-1
58,11,1,249,109,110,-1,-1,-1,-1
58,12,77,229,130,130,-1,-1,-1,-1
58,15,43,151,129,69,-1,-1,-1,-1
59,1,449,249,146,110,-1,-1,-1,-1
59,2,322,245,127,114,-1,-1,-1,-1
59,3,180,230,143,129,-1,-1,-1,-1
59,4,155,0,96,77,-1,-1,-1,-1
59,5,69,0,89,72,-1,-1,-1,-1
59,6,397,0,97,66,-1,-1,-1,-1
59,7,484,0,110,80,-1,-1,-1,-1
59,8,583,0,56,55,-1,-1,-1,-1
59,9,1,0,81,74,-1,-1,-1,-1
59,10,228,0,96,69,-1,-1,-1,-1
59,11,1,249,109,110,-1,-1,-1,-1
59,12,77,229,130,130,-1,-1,-1,-1
59,15,46,150,133,70,-1,-1,-1,-1
60,1,449,249,146,110,-1,-1,-1,-1
60,2,322,245,127,114,-1,-1,-1,-1
60,3,180,230,143,129,-1,-1,-1,-1
60,4,155,0,96,77,-1,-1,-1,-1
60,5,69,0,89,72,-1,-1,-1,-1
60,6,397,0,97,66,-1,-1,-1,-1
60,7,484,0,110,80,-1,-1,-1,-1
60,8,583,0,56,55,-1,-1,-1,-1
60,9,1,0,81,74,-1,-1,-1,-1
60,10,227,0,97,70,-1,-1,-1,-1
60,11,1,249,109,110,-1,-1,-1,-1
60,12,77,229,130,130,-1,-1,-1,-1
60,15,51,150,135,69,-1,-1,-1,-1
61,1,449,249,146,110,-1,-1,-1,-1
61,2,322,245,127,114,-1,-1,-1,-1
61,3,180,230,143,129,-1,-1,-1,-1
61,4,155,0,96,77,-1,-1,-1,-1
61,5,70,0,88,72,-1,-1,-1,-1
61,6,397,0,98,66,-1,-1,-1,-1
61,7,484,0,110,80,-1,-1,-1,-1
61,8,583,0,56,55,-1,-1,-1,-1
61,9,1,0,81,74,-1,-1,-1,-1
61,10,227,0,97,70,-1,-1,-1,-1
61,11,1,249,109,110,-1,-1,-1,-1
61,12,77,229,130,130,-1,-1,-1,-1
61,15,55,149,137,69,-1,-1,-1,-1
62,1,449,250,146,109,-1,-1,-1,-1
62,2,322,245,127,114,-1,-1,-1,-1
62,3,180,230,143,129,-1,-1,-1,-1
62,4,155,0,96,77,-1,-1,-1,-1
62,5,70,0,88,72,-1,-1,-1,-1
62,6,397,0,97,66,-1,-1,-1,-1
62,7,484,0,110,80,-1,-1,-1,-1
62,8,583,0,56,55,-1,-1,-1,-1
62,9,1,0,81,74,-1,-1,-1,-1
62,10,227,0,97,70,-1,-1,-1,-1
62,11,1,250,109,109,-1,-1,-1,-1
62,12,77,228,130,131,-1,-1,-1,-1
62,15,60,150,138,68,-1,-1,-1,-1
63,1,449,250,146,109,-1,-1,-1,-1
63,2,322,245,128,114,-1,-1,-1,-1
63,3,180,230,143,129,-1,-1,-1,-1
63,4,155,0,96,77,-1,-1,-1,-1
63,5,70,0,88,72,-1,-1,-1,-1
63,6,397,0,97,66,-1,-1,-1,-1
63,7,484,0,110,80,-1,-1,-1,-1
63,8,583,0,56,55,-1,-1,-1,-1
63,9,1,0,81,73,-1,-1,-1,-1
63,10,227,0,97,70,-1,-1,-1,-1
63,11,1,249,109,110,-1,-1,-1,-1
63,12,77,228,130,131,-1,-1,-1,-1
63,15,66,150,136,68,-1,-1,-1,-1
64,1,449,250,145,109,-1,-1,-1,-1
64,2,322,245,128,114,-1,-1,-1,-1
64,3,180,230,143,129,-1,-1,-1,-1
64,4,155,0,96,78,-1,-1,-1,-1
64,5,70,0,89,72,-1,-1,-1,-1
64,6,397,0,97,66,-1,-1,-1,-1
64,7,484,0,110,80,-1,-1,-1,-1
64,8,583,0,56,55,-1,-1,-1,-1
64,9,1,0,81,73,-1,-1,-1,-1
64,10,227,0,97,70,-1,-1,-1,-1
64,11,1,249,109,110,-1,-1,-1,-1
64,12,77,228,130,131,-1,-1,-1,-1
64,15,68,150,140,68,-1,-1,-1,-1
65,1,449,250,145,109,-1,-1,-1,-1
65,2,322,245,128,114,-1,-1,-1,-1
65,3,183,237,136,122,-1,-1,-1,-1
65,4,155,0,96,78,-1,-1,-1,-1
65,5,70,0,89,72,-1,-1,-1,-1
65,6,397,0,97,66,-1,-1,-1,-1
65,7,484,0,110,80,-1,-1,-1,-1
65,8,583,0,56,55,-1,-1,-1,-1
65,9,1,0,81,73,-1,-1,-1,-1
65,10,227,0,97,70,-1,-1,-1,-1
65,11,1,249,109,110,-1,-1,-1,-1
65,12,77,228,130,131,-1,-1,-1,-1
65,15,72,150,140,68,-1,-1,-1,-1
66,1,449,250,145,109,-1,-1,-1,-1
66,2,322,245,128,114,-1,-1,-1,-1
66,3,184,239,134,120,-1,-1,-1,-1
66,4,154,0,97,78,-1,-1,-1,-1
66,5,69,0,90,72,-1,-1,-1,-1
66,6,397,0,97,66,-1,-1,-1,-1
66,7,484,0,110,80,-1,-1,-1,-1
66,8,583,0,56,55,-1,-1,-1,-1
66,9,1,0,81,73,-1,-1,-1,-1
66,10,227,0,97,70,-1,-1,-1,-1
66,11,1,249,109,110,-1,-1,-1,-1
66,12,77,228,130,131,-1,-1,-1,-1
66,15,75,151,138,66,-1,-1,-1,-1
67,1,449,250,146,109,-1,-1,-1,-1
67,2,322,245,128,114,-1,-1,-1,-1
67,3,181,233,140,126,-1,-1,-1,-1
67,4,155,0,96,78,-1,-1,-1,-1
67,5,69,0,90,72,-1,-1,-1,-1
67,6,398,0,96,66,-1,-1,-1,-1
67,7,484,0,110,80,-1,-1,-1,-1
67,8,583,0,56,55,-1,-1,-1,-1
67,9,1,0,81,73,-1,-1,-1,-1
67,10,227,0,97,70,-1,-1,-1,-1
67,11,1,250,109,109,-1,-1,-1,-1
67,12,77,229,129,130,-1,-1,-1,-1
67,15,80,150,141,67,-1,-1,-1,-1
68,1,449,249,146,110,-1,-1,-1,-1
68,2,322,245,128,114,-1,-1,-1,-1
68,3,180,231,143,128,-1,-1,-1,-1
68,4,154,0,97,78,-1,-1,-1,-1
68,5,69,0,90,72,-1,-1,-1,-1
68,6,397,0,97,66,-1,-1,-1,-1
68,7,484,0,110,80,-1,-1,-1,-1
68,8,583,0,56,55,-1,-1,-1,-1
68,9,1,0,81,73,-1,-1,-1,-1
68,10,227,0,97,70,-1,-1,-1,-1
68,11,1,250,109,109,-1,-1,-1,-1
68,12,77,229,129,130,-1,-1,-1,-1
68,15,83,149,145,69,-1,-1,-1,-1
69,1,449,249,146,110,-1,-1,-1,-1
69,2,322,245,128,114,-1,-1,-1,-1
69,3,180,230,143,129,-1,-1,-1,-1
69,4,154,0,97,78,-1,-1,-1,-1
69,5,69,0,89,72,-1,-1,-1,-1
69,6,398,0,96,66,-1,-1,-1,-1
69,7,484,0,110,80,-1,-1,-1,-1
69,8,582,0,57,55,-1,-1,-1,-1
69,9,1,0,81,73,-1,-1,-1,-1
69,10,227,0,97,70,-1,-1,-1,-1
69,11,1,250,109,109,-1,-1,-1,-1
69,12,78,229,128,130,-1,-1,-1,-1
69,15,86,149,145,69,-1,-1,-1,-1
70,1,449,249,145,110,-1,-1,-1,-1
70,2,322,245,128,114,-1,-1,-1,-1
70,3,180,230,143,129,-1,-1,-1,-1
70,4,155,0,96,77,-1,-1,-1,-1
70,5,69,0,89,72,-1,-1,-1,-1
70,6,398,0,96,66,-1,-1,-1,-1
70,7,484,0,110,80,-1,-1,-1,-1
70,8,583,0,56,55,-1,-1,-1,-1
70,9,1,0,81,73,-1,-1,-1,-1
70,10,227,0,97,70,-1,-1,-1,-1
70,11,2,250,108,109,-1,-1,-1,-1
70,12,78,229,128,130,-1,-1,-1,-1
70,15,88,149,149,71,-1,-1,-1,-1
71,1,449,249,146,110,-1,-1,-1,-1
71,2,322,245,128,114,-1,-1,-1,-1
71,3,179,230,144,129,-1,-1,-1,-1
71,4,155,0,96,77,-1,-1,-1,-1
71,5,69,0,89,72,-1,-1,-1,-1
71,6,398,0,96,66,-1,-1,-1,-1
71,7,484,0,110,80,-1,-1,-1,-1
71,8,583,0,56,55,-1,-1,-1,-1
71,9,1,0,81,73,-1,-1,-1,-1
71,10,227,0,97,70,-1,-1,-1,-1
71,11,2,250,108,109,-1,-1,-1,-1
71,12,78,229,128,130,-1,-1,-1,-1
71,15,94,148,149,71,-1,-1,-1,-1
72,1,449,249,146,110,-1,-1,-1,-1
72,2,322,245,128,114,-1,-1,-1,-1
72,3,179,230,144,129,-1,-1,-1,-1
72,4,155,0,96,77,-1,-1,-1,-1
72,5,69,0,89,72,-1,-1,-1,-1
72,6,398,0,96,66,-1,-1,-1,-1
72,7,484,0,110,80,-1,-1,-1,-1
72,8,583,0,56,55,-1,-1,-1,-1
72,9,1,0,81,73,-1,-1,-1,-1
72,10,227,0,97,70,-1,-1,-1,-1
72,11,2,250,108,109,-1,-1,-1,-1
72,12,78,229,128,130,-1,-1,-1,-1
72,15,98,147,150,72,-1,-1,-1,-1
73,1,448,249,146,110,-1,-1,-1,-1
73,2,322,245,128,114,-1,-1,-1,-1
73,3,179,230,145,129,-1,-1,-1,-1
73,4,155,0,96,77,-1,-1,-1,-1
73,5,69,0,89,72,-1,-1,-1,-1
73,6,398,0,96,66,-1,-1,-1,-1
73,7,484,0,110,80,-1,-1,-1,-1
73,8,583,0,56,55,-1,-1,-1,-1
73,9,1,0,81,73,-1,-1,-1,-1
73,10,227,0,97,70,-1,-1,-1,-1
73,11,2,250,108,109,-1,-1,-1,-1
73,12,78,229,128,130,-1,-1,-1,-1
73,15,102,146,151,73,-1,-1,-1,-1
74,1,448,249,146,110,-1,-1,-1,-1
74,2,322,245,128,114,-1,-1,-1,-1
74,3,179,229,145,130,-1,-1,-1,-1
74,4,155,0,96,77,-1,-1,-1,-1
74,5,69,0,89,72,-1,-1,-1,-1
74,6,398,0,96,66,-1,-1,-1,-1
74,7,484,0,110,80,-1,-1,-1,-1
74,8,583,0,56,55,-1,-1,-1,-1
74,9,1,0,81,73,-1,-1,-1,-1
74,10,227,0,97,70,-1,-1,-1,-1
74,11,2,250,108,109,-1,-1,-1,-1
74,12,78,229,128,130,-1,-1,-1,-1
74,15,107,146,151,72,-1,-1,-1,-1
75,1,448,249,146,110,-1,-1,-1,-1
75,2,322,245,128,114,-1,-1,-1,-1
75,3,179,229,145,130,-1,-1,-1,-1
75,4,155,0,96,77,-1,-1,-1,-1
75,5,69,0,89,72,-1,-1,-1,-1
75,6,398,0,96,66,-1,-1,-1,-1
75,7,484,0,110,80,-1,-1,-1,-1
75,8,583,0,56,55,-1,-1,-1,-1
75,9,1,0,81,73,-1,-1,-1,-1
75,10,227,0,97,70,-1,-1,-1,-1
75,11,2,249,108,110,-1,-1,-1,-1
75,12,78,229,128,130,-1,-1,-1,-1
75,15,111,146,150,72,-1,-1,-1,-1
76,1,448,249,146,110,-1,-1,-1,-1
76,2,322,245,128,114,-1,-1,-1,-1
76,3,179,229,145,130,-1,-1,-1,-1
76,4,155,0,96,77,-1,-1,-1,-1
76,5,69,0,89,72,-1,-1,-1,-1
76,6,398,0,96,66,-1,-1,-1,-1
76,7,484,0,110,80,-1,-1,-1,-1
76,8,583,0,56,55,-1,-1,-1,-1
76,9,1,0,81,73,-1,-1,-1,-1
76,10,227,0,97,70,-1,-1,-1,-1
76,11,2,249,108,110,-1,-1,-1,-1
76,12,78,229,128,130,-1,-1,-1,-1
76,15,116,146,147,72,-1,-1,-1,-1
77,1,448,249,146,110,-1,-1,-1,-1
77,2,322,245,128,114,-1,-1,-1,-1
77,3,179,229,145,130,-1,-1,-1,-1
77,4,154,0,97,77,-1,-1,-1,-1
77,5,69,0,89,72,-1,-1,-1,-1
77,6,398,0,96,66,-1,-1,-1,-1
77,7,484,0,110,80,-1,-1,-1,-1
77,8,583,0,56,56,-1,-1,-1,-1
77,9,1,0,81,73,-1,-1,-1,-1
77,10,227,0,97,70,-1,-1,-1,-1
77,11,2,249,107,110,-1,-1,-1,-1
77,12,78,229,128,130,-1,-1,-1,-1
77,15,123,150,139,67,-1,-1,-1,-1
78,1,448,249,146,110,-1,-1,-1,-1
78,2,322,245,128,114,-1,-1,-1,-1
78,3,182,236,137,123,-1,-1,-1,-1
78,4,155,0,96,77,-1,-1,-1,-1
78,5,69,0,89,72,-1,-1,-1,-1
78,6,398,0,96,66,-1,-1,-1,-1
78,7,484,0,110,80,-1,-1,-1,-1
78,8,583,0,56,55,-1,-1,-1,-1
78,9,1,0,81,73,-1,-1,-1,-1
78,10,227,0,97,70,-1,-1,-1,-1
78,11,2,249,107,110,-1,-1,-1,-1
78,12,78,229,128,130,-1,-1,-1,-1
78,15,127,150,139,67,-1,-1,-1,-1
79,1,448,249,146,110,-1,-1,-1,-1
79,2,322,245,128,114,-1,-1,-1,-1
79,3,180,232,142,127,-1,-1,-1,-1
79,4,154,0,97,77,-1,-1,-1,-1
79,5,69,0,89,72,-1,-1,-1,-1
79,6,398,0,96,66,-1,-1,-1,-1
79,7,483,0,111,80,-1,-1,-1,-1
79,8,583,0,56,55,-1,-1,-1,-1
79,9,1,0,81,73,-1,-1,-1,-1
79,10,227,0,97,70,-1,-1,-1,-1
79,11,2,249,107,110,-1,-1,-1,-1
79,12,78,229,128,130,-1,-1,-1,-1
79,15,130,147,146,71,-1,-1,-1,-1
80,1,448,249,147,110,-1,-1,-1,-1
80,2,322,245,128,114,-1,-1,-1,-1
80,3,180,231,143,128,-1,-1,-1,-1
80,4,154,0,97,77,-1,-1,-1,-1
80,5,69,0,89,72,-1,-1,-1,-1
80,6,398,0,96,66,-1,-1,-1,-1
80,7,483,0,111,81,-1,-1,-1,-1
80,8,583,0,56,56,-1,-1,-1,-1
80,9,1,0,81,73,-1,-1,-1,-1
80,10,227,0,97,70,-1,-1,-1,-1
80,11,2,249,107,110,-1,-1,-1,-1
80,12,78,229,128,130,-1,-1,-1,-1
80,15,133,146,147,72,-1,-1,-1,-1
81,1,448,249,146,110,-1,-1,-1,-1
81,2,322,245,128,114,-1,-1,-1,-1
81,3,179,230,144,129,-1,-1,-1,-1
81,4,155,0,96,77,-1,-1,-1,-1
81,5,69,0,89,72,-1,-1,-1,-1
81,6,398,0,96,66,-1,-1,-1,-1
81,7,484,0,110,80,-1,-1,-1,-1
81,8,583,0,56,55,-1,-1,-1,-1
81,9,1,0,81,73,-1,-1,-1,-1
81,10,227,0,97,70,-1,-1,-1,-1
81,11,2,249,107,110,-1,-1,-1,-1
81,12,78,229,128,130,-1,-1,-1,-1
81,15,136,145,150,73,-1,-1,-1,-1
82,1,448,249,146,110,-1,-1,-1,-1
82,2,322,245,128,114,-1,-1,-1,-1
82,3,179,230,144,129,-1,-1,-1,-1
82,4,155,0,96,77,-1,-1,-1,-1
82,5,69,0,89,72,-1,-1,-1,-1
82,6,398,0,96,66,-1,-1,-1,-1
82,7,484,0,110,80,-1,-1,-1,-1
82,8,583,0,56,55,-1,-1,-1,-1
82,9,1,0,81,73,-1,-1,-1,-1
82,10,228,0,96,70,-1,-1,-1,-1
82,11,2,249,107,110,-1,-1,-1,-1
82,12,78,229,128,130,-1,-1,-1,-1
82,15,140,145,150,74,-1,-1,-1,-1
83,1,448,249,146,110,-1,-1,-1,-1
83,2,322,245,128,114,-1,-1,-1,-1
83,3,179,230,144,129,-1,-1,-1,-1
83,4,155,0,95,77,-1,-1,-1,-1
83,5,69,0,89,72,-1,-1,-1,-1
83,6,398,0,96,66,-1,-1,-1,-1
83,7,484,0,110,80,-1,-1,-1,-1
83,8,583,0,56,55,-1,-1,-1,-1
83,9,1,0,81,73,-1,-1,-1,-1
83,10,228,0,96,70,-1,-1,-1,-1
83,11,2,249,107,110,-1,-1,-1,-1
83,12,78,229,128,130,-1,-1,-1,-1
83,15,145,145,148,73,-1,-1,-1,-1
84,1,449,249,145,110,-1,-1,-1,-1
84,2,322,245,128,114,-1,-1,-1,-1
84,3,179,230,144,129,-1,-1,-1,-1
84,4,155,0,95,77,-1,-1,-1,-1
84,5,69,0,89,72,-1,-1,-1,-1
84,6,398,0,96,66,-1,-1,-1,-1
84,7,484,0,110,80,-1,-1,-1,-1
84,8,583,0,56,55,-1,-1,-1,-1
84,9,1,0,81,73,-1,-1,-1,-1
84,10,227,0,97,70,-1,-1,-1,-1
84,11,2,249,107,110,-1,-1,-1,-1
84,12,78,229,128,130,-1,-1,-1,-1
84,15,147,144,150,74,-1,-1,-1,-1
85,1,449,249,146,110,-1,-1,-1,-1
85,2,322,245,128,114,-1,-1,-1,-1
85,3,179,230,144,129,-1,-1,-1,-1
85,4,155,0,95,77,-1,-1,-1,-1
85,5,69,0,89,72,-1,-1,-1,-1
85,6,398,0,96,66,-1,-1,-1,-1
85,7,484,0,110,80,-1,-1,-1,-1
85,8,583,0,56,55,-1,-1,-1,-1
85,9,1,0,81,73,-1,-1,-1,-1
85,10,227,0,97,70,-1,-1,-1,-1
85,11,2,249,107,110,-1,-1,-1,-1
85,12,78,229,128,130,-1,-1,-1,-1
85,15,148,144,152,76,-1,-1,-1,-1
86,1,449,249,146,110,-1,-1,-1,-1
86,2,322,245,127,114,-1,-1,-1,-1
86,3,179,230,144,129,-1,-1,-1,-1
86,4,154,0,97,77,-1,-1,-1,-1
86,5,69,0,89,71,-1,-1,-1,-1
86,6,397,0,97,66,-1,-1,-1,-1
86,7,484,0,110,80,-1,-1,-1,-1
86,8,583,0,56,56,-1,-1,-1,-1
86,9,1,0,81,73,-1,-1,-1,-1
86,10,227,0,97,70,-1,-1,-1,-1
86,11,2,250,107,109,-1,-1,-1,-1
86,12,78,229,128,130,-1,-1,-1,-1
86,15,153,144,150,75,-1,-1,-1,-1
87,1,449,249,146,110,-1,-1,-1,-1
87,2,322,245,127,114,-1,-1,-1,-1
87,3,179,230,144,129,-1,-1,-1,-1
87,4,154,0,97,77,-1,-1,-1,-1
87,5,69,0,89,72,-1,-1,-1,-1
87,6,397,0,97,66,-1,-1,-1,-1
87,7,484,0,110,80,-1,-1,-1,-1
87,8,583,0,56,55,-1,-1,-1,-1
87,9,1,0,81,73,-1,-1,-1,-1
87,10,227,0,97,70,-1,-1,-1,-1
87,11,2,250,107,109,-1,-1,-1,-1
87,12,78,229,128,130,-1,-1,-1,-1
87,15,158,143,149,76,-1,-1,-1,-1
88,1,449,249,146,110,-1,-1,-1,-1
88,2,322,245,127,114,-1,-1,-1,-1
88,3,179,230,144,129,-1,-1,-1,-1
88,4,154,0,97,77,-1,-1,-1,-1
88,5,69,0,89,72,-1,-1,-1,-1
88,6,397,0,97,66,-1,-1,-1,-1
88,7,484,0,110,80,-1,-1,-1,-1
88,8,583,0,56,55,-1,-1,-1,-1
88,9,1,0,81,73,-1,-1,-1,-1
88,10,227,0,97,70,-1,-1,-1,-1
88,11,2,249,107,110,-1,-1,-1,-1
88,12,78,229,128,130,-1,-1,-1,-1
88,15,163,143,147,74,-1,-1,-1,-1
89,1,449,249,146,110,-1,-1,-1,-1
89,2,322,245,127,114,-1,-1,-1,-1
89,3,180,230,143,129,-1,-1,-1,-1
89,4,154,0,97,77,-1,-1,-1,-1
89,5,69,0,89,72,-1,-1,-1,-1
89,6,397,0,97,66,-1,-1,-1,-1
89,7,484,0,110,80,-1,-1,-1,-1
89,8,583,0,56,55,-1,-1,-1,-1
89,9,1,0,81,73,-1,-1,-1,-1
89,10,227,0,97,70,-1,-1,-1,-1
89,11,2,249,107,110,-1,-1,-1,-1
89,12,78,229,128,130,-1,-1,-1,-1
89,15,170,144,142,73,-1,-1,-1,-1
90,1,448,249,146,110,-1,-1,-1,-1
90,2,322,245,127,114,-1,-1,-1,-1
90,3,180,230,143,129,-1,-1,-1,-1
90,4,154,0,97,78,-1,-1,-1,-1
90,5,69,0,89,72,-1,-1,-1,-1
90,6,397,0,97,66,-1,-1,-1,-1
90,7,484,0,110,80,-1,-1,-1,-1
90,8,583,0,56,55,-1,-1,-1,-1
90,9,1,0,81,73,-1,-1,-1,-1
90,10,227,0,97,70,-1,-1,-1,-1
90,11,2,249,107,110,-1,-1,-1,-1
90,12,84,225,134,134,-1,-1,-1,-1
90,15,173,145,140,71,-1,-1,-1,-1
91,1,449,249,146,110,-1,-1,-1,-1
91,2,322,245,127,114,-1,-1,-1,-1
91,3,180,230,143,129,-1,-1,-1,-1
91,4,154,0,97,77,-1,-1,-1,-1
91,5,69,0,89,72,-1,-1,-1,-1
91,6,397,0,97,66,-1,-1,-1,-1
91,7,484,0,110,80,-1,-1,-1,-1
91,8,583,0,56,56,-1,-1,-1,-1
91,9,1,0,81,73,-1,-1,-1,-1
91,10,227,0,97,70,-1,-1,-1,-1
91,11,3,249,106,110,-1,-1,-1,-1
91,12,85,223,138,136,-1,-1,-1,-1
91,15,178,145,141,71,-1,-1,-1,-1
92,1,449,249,146,110,-1,-1,-1,-1
92,2,322,245,127,114,-1,-1,-1,-1
92,3,179,230,144,129,-1,-1,-1,-1
92,4,154,0,97,77,-1,-1,-1,-1
92,5,69,0,89,72,-1,-1,-1,-1
92,6,398,0,96,66,-1,-1,-1,-1
92,7,484,0,110,80,-1,-1,-1,-1
92,8,583,0,56,56,-1,-1,-1,-1
92,9,1,0,81,73,-1,-1,-1,-1
92,10,227,0,97,70,-1,-1,-1,-1
92,11,3,249,107,110,-1,-1,-1,-1
92,12,80,227,133,132,-1,-1,-1,-1
92,15,181,145,141,71,-1,-1,-1,-1
93,1,448,249,147,110,-1,-1,-1,-1
93,2,322,245,128,114,-1,-1,-1,-1
93,3,179,230,144,129,-1,-1,-1,-1
93,4,154,0,97,77,-1,-1,-1,-1
93,5,69,0,89,72,-1,-1,-1,-1
93,6,398,0,96,66,-1,-1,-1,-1
93,7,484,0,109,80,-1,-1,-1,-1
93,8,583,0,56,55,-1,-1,-1,-1
93,9,1,0,81,73,-1,-1,-1,-1
93,10,227,0,97,70,-1,-1,-1,-1
93,11,3,250,107,109,-1,-1,-1,-1
93,12,78,229,131,130,-1,-1,-1,-1
93,15,184,145,144,73,-1,-1,-1,-1
94,1,448,248,147,111,-1,-1,-1,-1
94,2,321,245,129,114,-1,-1,-1,-1
94,3,179,230,144,129,-1,-1,-1,-1
94,4,154,0,97,77,-1,-1,-1,-1
94,5,69,0,89,72,-1,-1,-1,-1
94,6,398,0,96,66,-1,-1,-1,-1
94,7,484,0,109,80,-1,-1,-1,-1
94,8,583,0,56,55,-1,-1,-1,-1
94,9,1,0,81,73,-1,-1,-1,-1
94,10,227,0,97,70,-1,-1,-1,-1
94,11,3,250,107,109,-1,-1,-1,-1
94,12,77,229,131,130,-1,-1,-1,-1
94,15,188,144,144,74,-1,-1,-1,-1
95,1,448,248,147,111,-1,-1,-1,-1
95,2,321,245,129,114,-1,-1,-1,-1
95,3,179,230,144,129,-1,-1,-1,-1
95,4,154,0,97,77,-1,-1,-1,-1
95,5,69,0,89,72,-1,-1,-1,-1
95,6,398,0,96,66,-1,-1,-1,-1
95,7,484,0,109,80,-1,-1,-1,-1
95,8,583,0,56,55,-1,-1,-1,-1
95,9,1,0,81,73,-1,-1,-1,-1
95,10,227,0,97,70,-1,-1,-1,-1
95,11,3,249,107,110,-1,-1,-1,-1
95,12,77,229,130,130,-1,-1,-1,-1
95,15,192,145,143,73,-1,-1,-1,-1
96,1,448,248,147,111,-1,-1,-1,-1
96,2,322,245,128,114,-1,-1,-1,-1
96,3,179,230,144,129,-1,-1,-1,-1
96,4,155,0,95,77,-1,-1,-1,-1
96,5,69,0,89,72,-1,-1,-1,-1
96,6,398,0,96,66,-1,-1,-1,-1
96,7,484,0,109,80,-1,-1,-1,-1
96,8,583,0,56,55,-1,-1,-1,-1
96,9,1,0,81,73,-1,-1,-1,-1
96,10,227,0,97,70,-1,-1,-1,-1
96,11,3,250,107,109,-1,-1,-1,-1
96,12,77,229,130,130,-1,-1,-1,-1
96,15,196,147,138,70,-1,-1,-1,-1
97,1,448,248,147,111,-1,-1,-1,-1
97,2,321,245,129,114,-1,-1,-1,-1
97,3,179,230,144,129,-1,-1,-1,-1
97,4,155,0,95,77,-1,-1,-1,-1
97,5,69,0,89,71,-1,-1,-1,-1
97,6,398,0,96,66,-1,-1,-1,-1
97,7,484,0,109,80,-1,-1,-1,-1
97,8,583,0,56,55,-1,-1,-1,-1
97,9,1,0,81,73,-1,-1,-1,-1
97,10,227,0,97,70,-1,-1,-1,-1
97,11,3,250,106,109,-1,-1,-1,-1
97,12,77,229,130,130,-1,-1,-1,-1
97,15,198,145,142,71,-1,-1,-1,-1
98,1,448,248,147,111,-1,-1,-1,-1
98,2,321,245,128,114,-1,-1,-1,-1
98,3,179,230,145,129,-1,-1,-1,-1
98,4,155,0,95,77,-1,-1,-1,-1
98,5,69,0,89,71,-1,-1,-1,-1
98,6,397,0,97,66,-1,-1,-1,-1
98,7,484,0,109,80,-1,-1,-1,-1
98,8,583,0,56,55,-1,-1,-1,-1
98,9,1,0,81,73,-1,-1,-1,-1
98,10,227,0,97,70,-1,-1,-1,-1
98,11,3,250,106,109,-1,-1,-1,-1
98,12,77,229,130,130,-1,-1,-1,-1
98,15,202,144,141,71,-1,-1,-1,-1
99,1,448,248,147,111,-1,-1,-1,-1
99,2,322,245,127,114,-1,-1,-1,-1
99,3,179,230,145,129,-1,-1,-1,-1
99,4,155,0,95,77,-1,-1,-1,-1
99,5,69,0,89,71,-1,-1,-1,-1
99,6,397,0,97,66,-1,-1,-1,-1
99,7,484,0,109,80,-1,-1,-1,-1
99,8,583,0,56,55,-1,-1,-1,-1
99,9,1,0,81,73,-1,-1,-1,-1
99,10,227,0,97,70,-1,-1,-1,-1
99,11,3,250,106,109,-1,-1,-1,-1
99,12,77,229,129,130,-1,-1,-1,-1
99,15,204,143,142,71,-1,-1,-1,-1
100,1,449,249,146,110,-1,-1,-1,-1
100,2,321,245,128,114,-1,-1,-1,-1
100,3,179,230,145,129,-1,-1,-1,-1
100,4,155,0,95,76,-1,-1,-1,-1
100,5,69,0,89,71,-1,-1,-1,-1
100,6,398,0,96,66,-1,-1,-1,-1
100,7,484,0,109,80,-1,-1,-1,-1
100,8,583,0,56,55,-1,-1,-1,-1
100,9,1,0,81,73,-1,-1,-1,-1
100,10,228,0,96,70,-1,-1,-1,-1
100,11,3,250,106,109,-1,-1,-1,-1
100,12,78,230,128,129,-1,-1,-1,-1
100,15,206,143,142,71,-1,-1,-1,-1
